-1.768691	-23.584947	-41.296768
-9.473733	-20.695806	-14.354404
-9.316651	-20.385405	-14.094843
-9.289574	-20.208348	-15.164369
-9.015069	-18.709675	-11.285416
-9.526116	-11.406199	-18.228971
-9.488294	-11.189794	-18.749348
-5.722858	-20.676052	-43.234212
-0.523376	-12.865875	-5.610686
10.111327	-7.934314	-51.681317
13.764548	2.168069	-34.299037
13.637715	2.923095	-35.320189
13.200714	1.187938	-37.678659
13.909489	1.575072	-37.706842
13.234932	3.073857	-37.430628
12.456536	2.594169	-37.363912
6.286344	-1.758655	-51.934318
5.734305	-1.969366	-50.888605
6.084932	-0.966456	-50.210655
6.993308	-2.027964	-50.315628
7.468715	-2.020242	-51.383621
7.014964	-0.754132	-51.081679
5.791069	-0.651690	-51.581893
12.082138	4.543679	-37.720696
-16.294182	9.508121	18.525782
-15.690347	9.191127	18.777861
-15.350727	7.135850	18.950736
-15.977426	8.645695	19.676831
-15.134608	7.314306	19.718865
-15.113501	6.237845	17.673670
-12.795253	-16.407293	-42.250020
-14.279240	-12.757488	-1.163758
-15.190862	-12.808159	-2.320533
-23.728589	-0.357368	15.961414
-18.341750	-1.095700	-0.078957
-19.985597	7.968780	15.553593
-25.083569	14.191952	9.490769
-25.285438	12.742299	9.728851
-27.358149	13.171789	11.211457
-25.959038	12.783071	11.526411
-25.342208	14.062283	10.980098
-26.959543	12.131101	10.000193
-27.170825	5.490279	9.768485
-28.077855	14.734756	9.382187
-27.302254	15.082488	8.336908
-27.954418	13.856651	7.626444
11.693757	-7.200650	-51.257317
9.591644	-6.002358	-50.814567
10.041757	-6.367933	-49.899285
7.021811	-2.896050	-38.900300
-6.571780	-9.679808	-25.769755
-13.588196	8.500505	26.635101
-12.974680	8.408691	26.998214
-12.945237	8.722838	26.337632
-14.161513	8.280316	22.670300
-14.677932	5.540718	16.171138
-18.671942	-16.675130	27.019151
-15.427866	-22.003104	30.145658
-15.820778	-20.860033	29.410708
-25.424505	13.548653	32.677241
-23.720985	-2.427436	44.106359
-25.795603	7.367022	42.855541
-14.325169	-2.443496	44.988444
-27.861246	14.220253	35.387934
-26.675115	13.880785	34.718794
-28.005320	15.038817	34.195581
-27.169795	15.825621	34.372284
-26.893214	15.267438	35.424954
-28.218351	15.397925	36.151925
-28.165329	16.241764	35.359835
-20.750796	8.463661	37.105397
-24.832488	10.141126	15.835153
-23.135472	10.506828	14.887490
-25.815920	3.779716	11.452862
