-23.799375	1.122604	47.761334
-23.157366	0.954096	47.849695
-30.922658	6.902862	21.217178
14.077626	15.319517	23.479132
13.993536	15.651437	23.884217
-1.165321	-1.038816	-44.221718
0.803560	-0.457576	-31.108566
0.783340	0.261119	-30.938572
0.633734	-0.215422	-30.417376
-1.406406	-1.185859	-44.627089
-12.873469	-14.791876	-36.189239
-3.744862	-22.177270	-28.358554
-3.615156	-22.640080	-28.817866
-4.415416	-22.389150	-29.026532
-4.271355	-17.081420	-39.338137
1.999667	-8.621811	-14.075885
1.877411	-7.922460	-14.339915
1.469095	-7.743443	-13.943420
-23.228640	-4.044373	18.971076
-20.218215	-6.075714	27.841047
-25.286126	-11.061912	27.795652
-23.039087	-12.512338	40.088454
-30.601224	3.050553	16.217531
2.978742	-11.739522	-14.576144
-4.326545	-20.740347	-42.679283
-37.538081	-14.255863	-8.887203
-36.729366	-14.268311	-8.873196
-43.693345	-18.095339	-11.101305
2.959380	-5.211714	-51.124690
2.701789	-5.531494	-52.045336
1.833165	-5.517024	-51.360527
2.154926	-4.652405	-51.740343
2.398040	-21.629827	-29.109241
3.588175	-7.929227	-34.514636
0.107645	-3.127611	-44.720501
0.447881	-2.839314	-44.034509
0.680810	-3.623707	-44.224135
-21.099657	1.138263	1.737783
-20.566251	1.217116	0.516371
-20.077134	1.866091	1.589133
-20.032927	0.604054	2.011114
-19.459676	1.032588	1.092995
-26.281242	4.311955	10.070904
-21.684915	-8.197103	28.447234
-22.355207	-8.939074	27.396406
-22.001435	-9.459712	27.688505
-23.559284	-9.003680	31.823175
-22.998064	-9.062521	29.262300
-8.791931	-19.025767	-8.377779
-9.101509	-10.372322	-22.636423
-33.443337	-16.001662	-6.133402
-33.045705	-15.703093	-6.810104
-34.056274	-15.102479	-6.960804
-34.838087	-15.790494	-6.546014
-34.176455	-16.145797	-7.267210
-14.624910	-2.091241	-16.386442
-12.401437	-2.521969	-16.898567
-12.457476	-2.533234	-17.604307
-12.875034	-2.010894	-17.198705
8.757711	-4.947059	-49.787969
-15.317456	-11.155592	0.334188
-14.888702	-10.714783	0.238751
-14.014692	-12.779945	1.775262
-28.511369	-21.994960	5.703218
-14.668101	-19.451211	23.485545
-23.689965	9.136544	41.513206
-15.869955	-4.507644	44.454630
-14.996417	-3.465562	44.479786
-22.937845	-3.244081	41.617507
-23.062344	9.988338	40.832763
-22.699984	9.674043	41.176805
-19.601683	-12.693569	52.385097
-25.657915	-6.517900	37.147216
-25.535732	-6.696055	38.328570
-24.833374	-7.055313	37.699710
-22.946035	-4.027190	44.063208
-19.574432	-8.243034	47.406665
-20.134392	-7.411599	47.982660
-23.665630	-1.241076	46.012282
-23.224804	-2.460673	22.160049
-20.933878	-7.033850	27.461878
-3.566910	-0.656990	-11.725426
-16.703232	-2.882496	-8.007304
-9.731649	-8.888308	-19.424028
-9.568038	-9.010491	-19.450566
-9.013760	-7.849661	-26.372873
-9.331065	-8.547824	-26.325618
-9.500538	-7.911702	-27.030851
-29.088220	-7.070525	-8.067978
-28.770807	-6.893713	-8.099593
-9.620522	-8.974074	-21.198726
-33.367493	-5.440916	-15.095352
-49.201255	-17.560789	-10.924470
-42.162750	-13.928344	-10.580390
-42.411212	-15.207262	-8.637932
-42.540850	-14.433614	-8.173285
-43.620580	-14.907426	-8.647791
-43.093766	-13.277921	-9.928814
-43.625276	-14.094823	-10.704126
-44.293739	-13.547591	-10.006866
-42.253847	-21.032693	-7.931026
-35.488329	-14.501080	-8.709721
-20.279739	-20.093351	-6.246497
-10.295354	-16.562165	-2.599991
-26.058021	-11.389991	30.135991
-22.785657	-5.146638	53.589124
-20.640513	-9.942443	56.479186
-23.030182	-3.920622	55.539538
-21.247402	-11.321404	56.672434
-20.429221	-11.102667	55.877447
-21.601100	-9.915635	47.057956
-3.446997	-25.783058	20.585606
-50.269367	-19.950979	-8.034813
-50.262092	-20.032214	-7.985702
-42.630486	-17.451647	-14.764213
-43.255939	-17.512076	-15.237944
-43.181318	-16.880013	-14.774566
-38.193980	-7.193724	-16.228043
-47.673227	-14.759091	-15.155880
-35.647666	-4.789260	-14.051832
-20.715404	-4.464891	-8.473761
2.459111	-1.941556	-47.160306
-18.262453	5.955593	17.546157
-8.712199	-5.451267	-49.114377
-3.065700	-0.419017	-11.991266
-4.227806	0.741524	-10.266423
1.720112	-8.336803	-41.569346
12.969979	-11.044408	-40.506622
13.843781	-10.947759	-40.489547
13.344779	-10.420473	-40.037792
-8.930840	-7.533213	-28.197477
-10.851446	-11.967598	-35.264104
-7.006969	-8.085736	-39.586777
-8.927000	-6.602157	-39.539001
-9.941879	-10.762911	-37.976629
-10.031410	-10.665607	-37.559420
-8.005669	-6.960048	-39.820303
-8.285820	-7.055084	-38.841632
-8.083499	-6.165237	-39.150019
-8.367440	-23.078711	-42.561755
-7.692227	-23.482797	-42.663103
-7.821673	-23.286498	-42.006426
-7.973816	-14.729133	-28.925306
-6.943585	-12.675583	-26.175324
-7.266089	-13.064811	-25.360973
-7.512332	-11.533166	-26.280863
-7.658631	-11.844572	-25.270402
-8.232104	-12.232328	-25.951690
7.914887	-7.148115	-39.438912
8.352550	-4.918016	-38.143901
7.576313	-4.778930	-38.096560
7.933783	-4.104434	-37.878766
-11.703129	-21.800084	-43.942059
5.821948	-7.521974	-41.437663
6.105274	-7.674784	-41.154656
8.098172	-7.934230	-38.967070
10.374217	-7.596111	-37.590033
10.094982	-7.606799	-37.085404
11.543449	-6.898110	-35.395522
11.579176	-6.456046	-35.116856
-8.738576	-20.560661	-43.864140
-9.141285	-19.999588	-43.404586
-8.792611	-14.912614	-27.509975
-8.710852	-15.073146	-27.484255
-9.765113	-20.606960	-43.947404
