-28.343859	5.255516	14.407878
7.820012	-1.407376	-25.263624
7.234633	-0.936041	-25.001257
-28.153291	4.798556	12.882860
-29.549254	4.331607	14.326758
-28.700320	4.026963	14.114180
-29.140223	4.629812	13.448604
6.437531	-0.401634	-26.005022
12.403459	-6.007708	-31.570230
10.031519	-16.149462	-44.495583
12.343153	-5.585631	-32.072574
12.260956	-4.857687	-31.274704
14.333555	-0.903973	-39.437895
16.200388	-12.554167	-45.238445
13.511795	-8.307396	-45.730229
12.941786	-7.754896	-45.969108
12.607619	1.730453	-35.189390
13.636789	1.496997	-35.377111
12.575050	3.176089	-34.856432
4.573720	-12.098245	-39.358003
3.039795	-11.677976	-39.045609
14.088866	-9.881039	-37.705515
8.344192	-1.057159	-24.422849
-29.947896	15.580326	34.988487
-29.833229	15.192007	35.766842
-26.802681	7.278297	41.544192
-29.471541	13.417135	34.181743
-23.933525	-0.610124	51.751358
-23.808861	1.179615	53.653846
-25.044233	2.026392	53.406869
-23.843493	2.704493	53.604254
-24.611959	1.874155	52.221300
-23.445925	2.609323	52.370793
-24.713888	3.286767	52.454225
-23.682601	-10.510324	42.077878
-23.230912	-10.977524	44.297234
-23.544957	-10.419627	43.590180
-23.477852	-11.595251	42.781716
-28.584554	-23.825342	5.672865
-28.728015	-22.863829	5.194396
-28.941846	10.851268	1.470784
-9.368804	-3.331634	-20.200197
12.412297	-4.347840	-35.621597
-26.778608	14.726950	10.969131
-26.844881	13.630004	9.652428
-26.291530	15.164026	9.608479
-27.854447	12.336326	8.169038
-28.557396	13.273049	8.960281
-26.105077	14.369177	8.016119
-26.508221	13.059383	8.120233
11.591321	-7.721626	-50.782583
8.609385	-6.311626	-50.261956
9.260996	-7.048482	-50.089809
7.564724	-2.725972	-38.256238
-12.225425	-22.144808	-44.066663
-13.972920	7.987869	23.022995
-13.640824	8.075757	24.410423
-13.132568	7.614084	25.961889
-26.777352	13.467078	6.154347
-18.777101	-16.312707	27.212447
-15.278487	-21.045244	30.731962
-16.055460	-21.301275	30.787956
-15.854523	-22.621469	27.198313
-16.324285	-21.694641	27.493978
-16.420446	-19.690365	25.236015
-17.540809	-20.154582	25.020311
-16.266532	-21.716072	24.623563
-15.861882	-20.605618	24.408114
-17.426383	-21.154012	24.132978
-16.965828	-20.028929	23.748659
-16.245700	-20.893887	25.935155
-17.376670	-21.444908	25.754099
