14.517060	-8.969538	16.182303
23.644015	23.124314	25.332919
24.997153	5.512840	17.321696
33.222078	6.080116	20.433222
33.419195	6.516255	21.121926
37.533630	12.660781	17.073484
33.379585	7.575095	22.496033
37.475722	13.968182	16.541323
51.696325	25.780753	0.626370
52.033596	26.100101	0.625395
38.598436	13.650130	17.653139
41.677829	24.478495	-2.278493
44.394236	45.137410	4.694471
58.906285	30.174068	-5.678130
54.979828	29.844356	-8.508023
45.998377	35.090918	-7.255780
41.368573	37.236206	-7.956328
42.852507	37.416978	-8.997799
23.373489	17.858902	24.547356
39.367270	21.391676	4.223479
39.418671	18.891210	5.721537
25.898371	5.699698	18.692456
31.508390	6.416759	16.477673
31.355785	4.908444	18.781875
25.845177	3.392311	21.357473
31.509016	7.275979	16.378066
31.735994	4.574500	16.052691
31.721675	4.676754	16.071540
32.734594	5.591724	19.872360
23.973223	22.434375	27.293828
12.730112	-6.433541	19.439440
12.023285	-6.670364	19.281053
-19.599727	5.760756	39.551494
-26.489739	-7.242973	37.084087
-24.285271	-3.622683	40.212434
-22.087741	-7.119524	44.867883
-21.281719	-6.415615	45.730312
-21.009549	-7.751862	45.618177
-20.971827	-8.100986	44.300886
-20.225339	-7.080487	44.028128
-21.298140	-6.308492	43.878868
-18.987330	-7.817434	45.416045
-18.098494	-7.252435	46.263324
-19.096061	-6.364685	46.346777
-18.366443	-6.554544	45.057873
-21.669956	1.219994	53.035657
-9.087508	-29.185917	37.252358
-9.394241	-30.413901	36.868848
-3.459873	-25.883446	25.424808
13.653679	-7.338907	17.731626
46.075003	42.387568	4.848437
39.342724	17.630267	5.841052
50.607171	26.722667	-0.878141
51.359671	29.792174	-7.039327
43.419386	26.853020	-12.932520
51.265577	34.623107	-1.184728
43.979444	32.171979	-11.084281
44.211743	32.433010	-11.604589
35.513257	23.774371	-6.597110
35.053269	23.601365	-7.041459
35.317270	26.655990	-6.516953
34.748596	26.664439	-7.240570
34.024876	27.015154	-5.696030
35.352375	27.780606	-4.697855
35.131991	28.559591	-3.728651
34.554850	27.468646	-3.635740
32.815148	28.761948	-3.133862
33.592706	29.476043	-3.982658
32.508507	29.197112	-4.244810
32.932326	28.044956	-4.144368
32.644937	29.078628	-6.599143
33.659302	28.646417	-6.595564
58.814851	30.597668	-6.757090
11.281199	-10.824974	21.795019
22.976629	3.726973	20.161505
34.098763	28.100446	18.759723
13.677405	-3.298983	20.842407
-4.247369	-24.195488	31.298126
-3.202991	-22.888762	31.025908
-3.380203	-23.399313	28.142027
-4.205798	-22.884636	29.268646
-4.469019	-24.439034	28.979080
-3.560963	-24.066194	29.890709
-3.024863	-24.916113	28.540950
-2.020719	-23.888638	28.970250
-2.615193	-22.778371	29.461927
-2.112366	-24.099373	30.498447
-3.003641	-25.468438	30.098725
-1.333289	-25.821633	28.940250
-2.420587	-27.006382	25.134234
-1.938727	-26.232451	24.388283
14.849608	-7.714255	16.319947
50.304425	37.765987	2.548451
25.471893	2.136732	21.506829
25.767929	2.792310	20.295185
39.867338	35.929746	-2.622240
35.304522	22.804887	7.316969
35.584446	22.711976	7.000724
37.017074	23.855669	6.179114
36.470062	23.835394	5.577199
40.409578	33.457366	-2.269142
49.381581	40.809376	0.594515
49.239566	41.348097	-0.675111
49.363006	39.880613	-0.496939
48.133046	40.392734	-0.977975
48.044621	41.319017	0.070988
47.809923	39.064471	0.095080
48.771120	39.309534	1.104188
47.464209	39.195577	1.518964
47.091898	40.164760	0.582410
48.143772	40.367612	1.786981
45.404919	45.225721	2.478339
45.868253	44.204745	2.718480
46.999317	43.885807	1.278536
46.131891	41.928188	2.999892
47.881137	44.532433	2.490699
46.982775	45.030036	4.222199
35.294784	28.443544	-7.843434
38.723225	28.348809	-0.355848
39.271353	35.552520	-5.320239
39.488292	36.580362	-6.364727
39.749933	36.690884	-5.702234
41.871182	35.118545	-10.395617
42.343137	33.580999	-11.407057
