-27.805975	-15.786881	25.246762
-28.857901	-15.830069	25.438902
-27.993267	-15.884338	26.307729
-16.879007	-0.336219	-0.452064
-24.021178	1.658502	-6.797918
-28.025489	8.902172	-0.271137
12.234313	-1.728781	-38.974869
-37.266827	-12.975702	-11.451601
-37.878572	-12.811876	-12.169386
-47.348305	-11.854505	-12.991713
-48.200221	-11.369418	-13.741186
-47.779551	-12.087516	-14.522039
-46.499056	-12.398556	-13.765096
-46.740250	-11.269122	-14.160278
-46.592420	-14.112102	-9.923656
-48.026691	-14.187153	-9.854077
-43.215377	-19.901535	-9.684744
-43.582857	-19.517555	-10.876483
-44.874560	-19.417387	-11.632412
-44.364449	-20.000717	-12.030964
11.543008	-3.477750	-36.213198
-6.187490	-19.637001	-33.109777
-6.373203	-21.020303	-33.797942
-5.480307	-20.694622	-33.588434
-5.460726	-20.126389	-34.184189
-8.141444	-15.914712	-31.165614
5.884805	-15.252573	-32.536138
1.028512	-9.061705	-34.688088
1.255184	-8.716763	-35.459311
0.631458	-8.169599	-34.866782
-0.048835	-9.330063	-35.256239
1.914070	-4.524384	-21.123971
2.357567	-4.928220	-20.874777
5.668672	-7.808070	-19.460087
7.103633	-8.023590	-19.161934
6.483041	-8.519387	-20.093956
6.324905	-8.811278	-18.944142
8.045132	-9.281414	-20.164578
7.305795	-10.135614	-20.137152
7.757729	-9.738042	-19.146288
-26.022616	-2.441046	18.995364
-21.606994	3.901646	5.271790
-21.403687	3.852183	4.804103
-26.321513	4.916718	8.041738
-26.384857	4.923060	8.247035
2.080288	-1.662017	-31.446194
-13.160668	-12.489012	-37.576777
-3.684248	-20.525477	-36.020848
-7.864881	-15.775007	-35.019580
-9.599225	-12.822101	-37.093479
-10.028779	-12.763664	-37.069847
-7.779199	-17.355260	-31.453498
-20.943037	-5.001724	-10.886788
-20.431050	-4.382285	-11.151973
-21.056454	-4.656803	-11.615065
-23.287731	-2.969147	-12.565903
-23.422165	0.425639	-7.485760
-37.124450	-5.815719	-13.222727
-36.949269	-6.784357	-13.769600
-37.728611	-6.100834	-14.102661
-38.026096	-6.632387	-12.895630
-38.160215	-7.147960	-13.643239
15.577547	-2.299956	-39.504681
15.830911	-2.952562	-39.685168
16.128026	-11.384184	-44.211783
16.822436	-11.334047	-44.726459
16.810910	-12.272874	-44.148917
6.183180	-18.400759	-32.892575
5.687209	-18.382861	-33.289829
5.909032	-16.993138	-32.380056
2.882363	-23.269868	-37.165247
13.620502	-7.005308	-50.570053
4.942539	-21.891599	-34.900318
4.755475	-22.021602	-35.000214
7.011853	-16.768359	-33.019909
6.538247	-16.992138	-33.607944
0.303278	-22.809202	-39.385029
0.404145	-23.116376	-39.653169
1.669741	-22.538696	-29.388792
-5.467987	-19.426486	-42.165567
-5.342971	-19.486544	-42.634779
-20.444943	-1.813157	-1.009934
-27.523446	-26.961013	9.505130
-27.288361	-26.863867	9.882060
-23.523502	-10.267312	39.485546
-19.864391	-5.453590	45.011809
-23.245942	0.546484	52.204429
-22.876287	-1.291018	53.238579
-21.825284	-10.068789	56.486566
-23.435767	-4.166608	52.437031
-22.392558	-4.767866	51.807038
-23.125311	-5.459481	52.096637
-30.328762	-5.114649	22.411221
-29.973853	-4.711005	21.722304
6.502188	-5.091565	-18.612990
-2.085028	-5.156148	-13.195275
-16.086861	-13.369917	-3.439416
-10.139940	-19.663241	-44.243196
-23.752221	0.751565	49.317323
-11.485869	-29.374641	40.023590
-10.642761	-30.426067	40.307403
-9.311040	-30.283177	34.930643
-3.434534	-26.446152	22.797717
13.607598	-8.485545	13.745944
29.126223	21.508923	15.874063
